7723 8744 3858 7267 7856 580 276 6085 4340 564
59 5699 6141 3571 6497 3514 5340 1262 4423 4740
3983 4091 9911 4185 3375 9156 8277 9570 3770 5551
5956 9053 2763 3163 6725 9606 7557 1081 3577 5048
831 1972 744 3344 5929 8639 5819 1225 700 6794
7827 4522 7072 9376 2044 6584 8615 8481 924 9689
6582 1654 8038 3207 2436 150 9243 1676 5931 2068
5152 7632 1868 9987 138 1533 7439 4231 1238 3339
3223 2857 7813 8669 3396 4631 4276 8022 2210 1301
170 9369 3231 8564 8347 6685 2842 8125 4330 1737
6119 8811 7243 1201 2303 2690 1030 93 2804 2975
8295 2242 8994 8574 1698 3312 880 2098 4387 9288
9174 4341 3124 6055 57 8556 8888 2851 9842 4053
6149 4336 4636 6464 8655 6320 2108 9943 9054 3141
4555 9275 8273 2580 6703 4845 796 4728 3368 8630
509 3280 6950 4388 8685 5574 4407 4737 3906 6253
4574 3969 3904 5206 623 6696 6831 5871 9847 2933
9368 3465 905 3455 7322 5572 2371 8123 2169 1897
2463 4375 2630 708 6005 3382 2217 1004 5838 4953
1690 5744 3907 2822 6864 655 580 6663 8705 6244
6532 4785 9624 9373 1026 1887 1684 8086 1923 5227
2253 6231 7786 8377 9185 8630 3353 6288 1597 9498
5393 1766 1399 2318 2230 7895 3128 7614 5694 9329
2263 5234 5336 7566 2400 2436 5673 2095 8164 2190
8593 82 5402 2053 4252 8320 9875 4060 6613 9110
5947 9863 8565 4685 4379 8349 9113 3304 7740 888
9249 7210 9590 3901 1813 5761 2310 7698 3346 9507
6110 2977 6306 8659 2438 9656 7642 3536 7216 1353
1261 8747 2921 5509 925 7522 7804 2480 5617 4558
2784 6593 3922 165 4274 553 800 8029 1485 2893
5442 9054 4629 5105 9771 3139 1396 3699 2855 1341
7020 1826 6404 4755 6091 7209 9198 5417 9036 4843
2819 2300 3177 1852 1861 3784 4878 442 4765 4486
2570 4839 6813 310 7679 5860 3246 5220 2872 6891
3848 7450 1258 6345 2800 6722 755 3942 4059 8758
6079 770 4385 6118 3498 4334 6413 9237 1840 421
2481 4033 6447 2837 1798 2877 9918 9501 625 8653
2039 9012 7328 7021 2559 6499 7764 8013 1751 3537
4857 6637 6875 6714 8673 2129 4167 6155 6767 3602
3130 1068 4558 7329 8290 8426 2962 8024 1255 1904
1350 7263 3492 1217 8132 4360 2031 5093 5844 536
2378 7758 6876 7330 1026 4534 405 1441 4197 9510
8702 833 6993 7429 4842 4283 4823 6731 6116 9756
4862 9201 4131 1264 6419 8392 9176 2320 1422 3330
9092 8710 8977 2720 3223 2904 9561 1641 1747 2521
3159 324 6367 1320 5336 4515 2183 8946 8016 1340
2641 6587 1302 1172 1898 4 4361 5018 8623 5769
2256 158 4040 5275 6622 8220 5742 8021 7940 8697
3901 1613 4321 9033 8533 9385 1365 5882 1850 9994
8243 1712 8092 7354 6004 9582 1729 2990 5288 8158
6093 7576 5656 1949 9220 4539 3175 7798 5014 1915
8855 1273 4585 705 2535 3032 2101 7609 6106 2510
4488 1192 9267 9660 4458 9485 6492 5042 5322 5602
6407 294 8919 9487 9147 3267 9388 171 8096 8785
5731 4704 3941 2717 1306 2730 462 3558 2786 8972
9180 2051 1059 8384 8101 1876 2350 6840 258 2211
667 2005 8199 1991 2849 2819 8733 2693 164 4079
6907 2962 4808 5926 564 3690 9699 4188 3193 6934
5889 5942 223 2846 1825 9300 475 2475 6845 4478
8746 4599 2375 2874 494 900 910 9575 5122 2437
6800 2538 6782 3549 3113 8226 8454 1138 8618 4186
9452 254 4245 6442 4679 1010 2117 2474 3755 4422
554 4885 3863 4993 625 4918 7902 450 6851 8657
8061 2889 6068 1648 4124 9285 8043 9752 2368 299
146 6312 7548 5071 2483 1230 3767 3363 8498 1798
5593 8953 218 9231 7775 7126 6895 7788 4446 8533
3907 868 3876 7428 3092 7206 2329 8367 4306 9804
3653 600 7438 571 2364 1888 8590 981 1524 6005
2670 8299 839 8599 9840 5634 8868 5928 9236 4672
3903 6000 2738 3475 169 2170 6836 9439 7082 1359
3665 6850 1482 3773 8308 8150 6288 9939 7195 194
9794 8732 348 2157 5147 2677 6273 1504 186 2541
2452 8519 3943 4088 4694 1684 9264 1392 4184 6751
882 8424 4781 4382 7588 4926 2039 6253 3884 477
8398 4459 7461 1580 8703 1937 7768 6375 401 7358
7559 6023 4179 7348 8681 3537 3296 7081 2335 4232
7141 555 517 2959 9305 9956 5125 9471 7483 4005
9557 9009 2778 4530 4928 8026 3373 4058 914 3248
3731 1201 3965 7244 580 3307 9609 3582 3895 9223
1448 2615 509 998 2952 4824 1594 4903 8337 3013
5332 7345 7198 3733 1955 9180 5544 3960 1321 1244
334 7669 3035 7067 2529 6639 3229 7297 5772 5348
461 3379 8657 4914 2693 2021 4974 5510 8451 2637
8238 1554 1542 6070 8235 2922 863 4045 6866 9676
5031 3100 8671 9738 3231 497 1287 2389 5601 6394
4197 9575 7030 6815 5708 4476 2385 5419 4907 4798
8713 9384 2606 9388 6821 3511 4369 7703 3679 7353
1567 6809 3498 9309 6393 7442 2080 2631 1171 4224
7236 4952 6872 6170 5351 7600 797 4841 9318 3293
8211 9220 5696 9054 1190 9878 6453 6344 1539 942
2425 5300 4550 8163 5496 8484 9281 9522 4772 1360
232 1301 8330 4050 2441 7970 4467 1130 5002 9821
7254 9630 3131 2955 3131 7825 5226 1220 3226 5406
8453 3284 1921 658 4281 734 7748 3412 7817 2749
1263 3810 9323 5833 231 7305 2685 914 9215 8096
8581 5677 1047 7442 7654 2424 3838 6390 2973 3338
3656 2989 1883 972 4698 1975 8446 6207 9026 66
1512 8153 1732 5744 2128 7823 4479 8691 71 6672
3359 4904 2371 9099 3227 5038 4632 5070 2014 1105
2405 6109 1779 1959 7466 7035 7689 9655 4775 5464
