4 57 59 66 71 82 93 138 146 150
158 164 165 169 170 171 186 194 218 223
231 232 254 258 276 294 299 310 324 334
348 401 405 421 442 450 461 462 475 477
494 497 509 509 517 536 553 554 555 564
564 571 580 580 580 600 623 625 625 655
658 667 700 705 708 734 744 755 770 796
797 800 831 833 839 863 868 880 882 888
900 905 910 914 914 924 925 942 972 981
998 1004 1010 1026 1026 1030 1047 1059 1068 1081
1105 1130 1138 1171 1172 1190 1192 1201 1201 1217
1220 1225 1230 1238 1244 1255 1258 1261 1262 1263
1264 1273 1287 1301 1301 1302 1306 1320 1321 1340
1341 1350 1353 1359 1360 1365 1392 1396 1399 1422
1441 1448 1482 1485 1504 1512 1524 1533 1539 1542
1554 1567 1580 1594 1597 1613 1641 1648 1654 1676
1684 1684 1690 1698 1712 1729 1732 1737 1747 1751
1766 1779 1798 1798 1813 1825 1826 1840 1850 1852
1861 1868 1876 1883 1887 1888 1897 1898 1904 1915
1921 1923 1937 1949 1955 1959 1972 1975 1991 2005
2014 2021 2031 2039 2039 2044 2051 2053 2068 2080
2095 2098 2101 2108 2117 2128 2129 2157 2169 2170
2183 2190 2210 2211 2217 2230 2242 2253 2256 2263
2300 2303 2310 2318 2320 2329 2335 2350 2364 2368
2371 2371 2375 2378 2385 2389 2400 2405 2424 2425
2436 2436 2437 2438 2441 2452 2463 2474 2475 2480
2481 2483 2510 2521 2529 2535 2538 2541 2559 2570
2580 2606 2615 2630 2631 2637 2641 2670 2677 2685
2690 2693 2693 2717 2720 2730 2738 2749 2763 2778
2784 2786 2800 2804 2819 2819 2822 2837 2842 2846
2849 2851 2855 2857 2872 2874 2877 2889 2893 2904
2921 2922 2933 2952 2955 2959 2962 2962 2973 2975
2977 2989 2990 3013 3032 3035 3092 3100 3113 3124
3128 3130 3131 3131 3139 3141 3159 3163 3175 3177
3193 3207 3223 3223 3226 3227 3229 3231 3231 3246
3248 3267 3280 3284 3293 3296 3304 3307 3312 3330
3338 3339 3344 3346 3353 3359 3363 3368 3373 3375
3379 3382 3396 3412 3455 3465 3475 3492 3498 3498
3511 3514 3536 3537 3537 3549 3558 3571 3577 3582
3602 3653 3656 3665 3679 3690 3699 3731 3733 3755
3767 3770 3773 3784 3810 3838 3848 3858 3863 3876
3884 3895 3901 3901 3903 3904 3906 3907 3907 3922
3941 3942 3943 3960 3965 3969 3983 4005 4033 4040
4045 4050 4053 4058 4059 4060 4079 4088 4091 4124
4131 4167 4179 4184 4185 4186 4188 4197 4197 4224
4231 4232 4245 4252 4274 4276 4281 4283 4306 4321
4330 4334 4336 4340 4341 4360 4361 4369 4375 4379
4382 4385 4387 4388 4407 4422 4423 4446 4458 4459
4467 4476 4478 4479 4486 4488 4515 4522 4530 4534
4539 4550 4555 4558 4558 4574 4585 4599 4629 4631
4632 4636 4672 4679 4685 4694 4698 4704 4728 4737
4740 4755 4765 4772 4775 4781 4785 4798 4808 4823
4824 4839 4841 4842 4843 4845 4857 4862 4878 4885
4903 4904 4907 4914 4918 4926 4928 4952 4953 4974
4993 5002 5014 5018 5031 5038 5042 5048 5070 5071
5093 5105 5122 5125 5147 5152 5206 5220 5226 5227
5234 5275 5288 5300 5322 5332 5336 5336 5340 5348
5351 5393 5402 5406 5417 5419 5442 5464 5496 5509
5510 5544 5551 5572 5574 5593 5601 5602 5617 5634
5656 5673 5677 5694 5696 5699 5708 5731 5742 5744
5744 5761 5769 5772 5819 5833 5838 5844 5860 5871
5882 5889 5926 5928 5929 5931 5942 5947 5956 6000
6004 6005 6005 6023 6055 6068 6070 6079 6085 6091
6093 6106 6109 6110 6116 6118 6119 6141 6149 6155
6170 6207 6231 6244 6253 6253 6273 6288 6288 6306
6312 6320 6344 6345 6367 6375 6390 6393 6394 6404
6407 6413 6419 6442 6447 6453 6464 6492 6497 6499
6532 6582 6584 6587 6593 6613 6622 6637 6639 6663
6672 6685 6696 6703 6714 6722 6725 6731 6751 6767
6782 6794 6800 6809 6813 6815 6821 6831 6836 6840
6845 6850 6851 6864 6866 6872 6875 6876 6891 6895
6907 6934 6950 6993 7020 7021 7030 7035 7067 7072
7081 7082 7126 7141 7195 7198 7206 7209 7210 7216
7236 7243 7244 7254 7263 7267 7297 7305 7322 7328
7329 7330 7345 7348 7353 7354 7358 7428 7429 7438
7439 7442 7442 7450 7461 7466 7483 7522 7548 7557
7559 7566 7576 7588 7600 7609 7614 7632 7642 7654
7669 7679 7689 7698 7703 7723 7740 7748 7758 7764
7768 7775 7786 7788 7798 7804 7813 7817 7823 7825
7827 7856 7895 7902 7940 7970 8013 8016 8021 8022
8024 8026 8029 8038 8043 8061 8086 8092 8096 8096
8101 8123 8125 8132 8150 8153 8158 8163 8164 8199
8211 8220 8226 8235 8238 8243 8273 8277 8290 8295
8299 8308 8320 8330 8337 8347 8349 8367 8377 8384
8392 8398 8424 8426 8446 8451 8453 8454 8481 8484
8498 8519 8533 8533 8556 8564 8565 8574 8581 8590
8593 8599 8615 8618 8623 8630 8630 8639 8653 8655
8657 8657 8659 8669 8671 8673 8681 8685 8691 8697
8702 8703 8705 8710 8713 8732 8733 8744 8746 8747
8758 8785 8811 8855 8868 8888 8919 8946 8953 8972
8977 8994 9009 9012 9026 9033 9036 9053 9054 9054
9054 9092 9099 9110 9113 9147 9156 9174 9176 9180
9180 9185 9198 9201 9215 9220 9220 9223 9231 9236
9237 9243 9249 9264 9267 9275 9281 9285 9288 9300
9305 9309 9318 9323 9329 9368 9369 9373 9376 9384
9385 9388 9388 9439 9452 9471 9485 9487 9498 9501
9507 9510 9522 9557 9561 9570 9575 9575 9582 9590
9606 9609 9624 9630 9655 9656 9660 9676 9689 9699
9738 9752 9756 9771 9794 9804 9821 9840 9842 9847
9863 9875 9878 9911 9918 9939 9943 9956 9987 9994
