4687 266 6395 3880 3296 8613 4226 9326 3973 609
3936 4375 9664 3291 4748 262 7985 4883 4299 4525
1165 9328 9252 3880 5905 8688 8400 4073 6224 7466
853 9697 9864 8627 6737 5751 1059 6616 8315 6504
5833 8158 7429 4395 5459 2580 9813 5151 9562 2402
6516 2516 6670 7521 3878 4723 4547 422 8263 1307
5909 8428 4775 6777 2796 2093 9500 2131 3482 7277
1031 9185 6418 1395 6305 360 7107 2996 6291 2516
5137 5182 9172 3986 4453 6958 1965 8551 6955 6910
5369 6449 6953 3263 4552 2936 9695 4542 6610 3344
4889 5350 4169 7709 8946 6083 1208 2723 9651 3246
4760 1386 5401 7658 6289 8826 8053 4521 620 3721
8268 8843 7143 5438 9551 5365 7218 7681 3637 4762
2791 5089 7556 1225 7223 9841 4174 4786 5598 1744
4184 630 2792 8307 9430 7370 7710 4706 9090 9911
5848 9260 9660 5842 807 5511 4363 835 4010 6568
7858 1956 7565 955 3037 9416 7347 1664 6666 8213
6408 706 6709 5759 4217 1269 876 3699 5327 3579
3121 1852 9158 3267 3534 6022 5979 2064 4514 7533
6884 2017 1370 2288 1162 5617 4491 456 1842 9821
2363 287 6633 9934 4143 1471 9181 7523 1039 1256
4936 3452 4694 1052 1239 5204 9862 3851 7306 6156
2936 1127 8452 5424 5761 7219 8721 4329 8032 5037
1191 6670 2099 6884 8166 1544 9401 3160 9289 2545
1459 6925 142 1927 1412 7403 8194 1314 6808 5286
4709 2848 1600 4293 5197 7674 3499 5712 7463 7685
7664 6955 1096 2183 5479 7481 209 8643 7400 9663
9889 5859 2316 4391 4596 3121 9776 7709 9161 9346
8839 5786 8258 8543 7855 2906 9572 7298 9308 8236
8639 7145 2080 198 5879 2538 3404 1282 768 676
4608 3800 3785 7869 4942 425 4527 9069 1917 8470
2034 1814 889 3851 660 9854 7240 7276 909 6219
4680 1802 8669 7723 6787 8353 889 4396 1892 1793
7238 7806 452 5223 4804 7203 2973 6776 6769 7328
1408 2026 2463 3284 5537 4606 9775 657 4352 7533
1564 6667 4643 5982 7893 8716 7166 7346 5458 8690
1861 2236 3720 1446 1336 9280 7383 6362 6541 5831
9920 238 5372 1276 3524 3230 4355 5383 5112 7148
1002 6899 8229 1205 497 2669 1211 7843 6981 7787
4726 9151 8305 1159 265 6528 4753 4663 9654 4229
8882 4459 2751 4970 2966 2354 8807 7642 1459 5816
7170 834 5259 1808 7531 3934 2790 6810 8100 8130
2283 5122 2152 1303 30 7125 477 3568 1411 2352
7013 535 448 1623 2099 2537 3809 462 4266 5259
7445 5351 641 5192 8598 4377 1395 1976 4038 9946
9107 9022 2533 6681 1709 654 2430 2666 3064 8825
4753 7119 7431 6246 1788 9711 3551 5695 2786 9077
8098 6069 5661 9976 8698 5665 9472 8210 3985 1913
741 6608 9021 5659 6294 7477 9817 3240 8935 9195
9855 7904 7552 5735 4546 7782 4056 4104 8775 4991
3852 1372 5731 6461 6976 9886 9375 8739 3100 1008
9225 8260 552 2576 2869 6140 4146 8315 8976 9962
5628 8347 1284 1096 5891 6798 4248 1625 9929 4693
7535 7230 212 6885 945 5557 4176 845 6566 2591
4975 1460 1790 3244 5217 7759 5759 3190 7935 7229
8182 1254 752 8879 9422 8518 3998 2790 9998 1013
8627 1994 5404 1264 1742 421 2239 3747 5810 250
1347 3996 5181 5653 2326 7688 8549 6465 1215 2988
878 5952 7870 5810 8345 938 2926 6046 3511 3636
4343 1116 8635 4268 3457 3496 4189 9712 5202 506
3178 4184 5208 572 8185 5046 8835 2361 1113 9592
7689 7459 8614 6055 7181 8561 3226 7648 4138 6580
1007 7213 7401 84 8051 175 3666 7883 9269 969
2958 7246 4188 1756 3627 1044 6151 7611 4057 2212
879 442 6402 2783 2856 120 87 6359 9990 2310
9861 6571 2685 3923 2358 1152 2769 2437 2627 2941
6539 7542 4375 1219 7533 8665 2351 2615 7852 9607
1854 3774 1548 9867 9245 9604 7883 3526 2208 1160
3363 9263 4275 5175 3651 2827 9827 1556 391 3397
6393 2433 2515 8346 353 5261 7375 3587 3209 5530
28 512 2276 4617 3061 446 5055 3109 4096 3972
5547 3609 3492 240 4729 5966 1653 6425 9220 1700
3738 624 119 1180 7920 5880 1519 4257 7543 2847
3579 9217 826 5880 6465 9515 3548 3527 2554 9271
1710 1624 8381 6828 4493 988 3178 2210 9896 1457
732 8293 8463 3612 6929 6306 1367 5654 4006 17
1514 5072 8907 7503 1099 3365 9415 535 8887 955
9780 2845 4343 9684 8602 615 6050 7719 3338 8232
767 4838 6240 5977 5528 8637 3356 4678 4683 5318
7578 9235 6618 6971 9821 1769 4130 3017 8922 2897
2744 2237 3696 6940 7071 6542 7622 7725 9079 5718
3357 2579 3119 894 9861 1046 1451 3749 3179 4717
8320 3325 6303 1738 5804 2739 7827 339 5108 4393
2400 6654 8821 3697 6419 2584 6411 1992 1381 1378
5520 6012 7032 6456 7756 8444 6476 2831 9883 7483
546 2635 300 1888 7112 1818 4437 9996 3731 7824
5252 649 4331 2240 2640 4956 4336 5268 6511 6791
7450 5802 7601 7726 5134 2891 6473 7299 2764 9880
5419 1328 5141 1283 7936 401 2667 2567 1127 2059
3680 5046 407 9437 2672 1853 2831 1857 187 1493
798 1823 4522 5289 286 4975 3267 351 250 24
9704 981 5105 9450 7449 602 3107 5749 3050 2342
3608 7683 3471 9974 8752 2681 1171 5640 9253 3077
7096 3231 8204 7764 8121 6291 5899 259 8204 5337
5460 8640 2179 9339 3103 1357 6193 6211 1111 6847
4473 5177 6746 9033 6834 71 148 320 9816 6421
6021 2363 7452 4149 5662 3546 8699 9789 172 6991
2507 8349 1115 7405 1954 3228 5771 9099 1281 5956
6848 2421 1406 1574 9251 9696 95 9291 5670 232
3090 5576 1381 4456 4554 2940 584 8020 5011 4938
