17 24 28 30 71 84 87 95 119 120
142 148 172 175 187 198 209 212 232 238
240 250 250 259 262 265 266 286 287 300
320 339 351 353 360 391 401 407 421 422
425 442 446 448 452 456 462 477 497 506
512 535 535 546 552 572 584 602 609 615
620 624 630 641 649 654 657 660 676 706
732 741 752 767 768 798 807 826 834 835
845 876 878 879 889 889 894 909 938 945
955 955 969 981 988 1002 1007 1008 1013 1031
1039 1044 1046 1052 1059 1096 1096 1099 1111 1113
1115 1116 1127 1127 1152 1159 1160 1162 1165 1171
1180 1191 1205 1208 1211 1215 1219 1225 1239 1254
1256 1264 1269 1276 1281 1282 1283 1284 1303 1307
1314 1328 1336 1347 1357 1367 1370 1372 1378 1381
1381 1386 1395 1395 1406 1408 1411 1412 1446 1451
1457 1459 1459 1460 1471 1493 1514 1519 1544 1548
1556 1564 1574 1600 1623 1624 1625 1653 1664 1700
1709 1710 1738 1742 1744 1756 1769 1788 1790 1793
1802 1808 1814 1818 1823 1842 1852 1853 1853 1854
1857 1861 1888 1892 1913 1917 1927 1954 1956 1965
1976 1992 1994 2017 2026 2034 2059 2064 2080 2093
2099 2099 2131 2152 2179 2183 2208 2210 2212 2236
2237 2239 2240 2276 2283 2288 2310 2316 2326 2342
2351 2352 2354 2358 2361 2363 2363 2400 2402 2421
2430 2433 2437 2463 2507 2515 2516 2516 2533 2537
2538 2545 2554 2567 2576 2579 2580 2584 2591 2615
2627 2635 2640 2666 2667 2669 2672 2681 2685 2723
2739 2744 2751 2764 2769 2783 2786 2790 2790 2791
2792 2796 2827 2831 2831 2845 2847 2848 2856 2869
2891 2897 2906 2926 2936 2936 2940 2941 2958 2966
2973 2988 2996 3017 3037 3050 3061 3064 3077 3090
3100 3103 3107 3109 3119 3121 3121 3160 3178 3178
3179 3190 3209 3226 3228 3230 3231 3240 3244 3246
3263 3267 3267 3284 3291 3296 3325 3338 3344 3356
3357 3363 3365 3397 3404 3452 3457 3471 3482 3492
3496 3499 3511 3524 3526 3527 3534 3546 3548 3551
3568 3579 3579 3587 3608 3609 3612 3627 3636 3637
3651 3666 3680 3696 3697 3699 3720 3721 3731 3738
3747 3749 3774 3785 3800 3809 3851 3851 3852 3878
3880 3880 3923 3934 3936 3972 3973 3985 3986 3996
3998 4006 4010 4038 4056 4057 4073 4096 4104 4130
4138 4143 4146 4149 4169 4174 4176 4184 4184 4188
4189 4217 4226 4229 4248 4257 4266 4268 4275 4293
4299 4329 4331 4336 4343 4343 4352 4355 4363 4375
4375 4377 4391 4393 4395 4396 4437 4453 4456 4459
4473 4491 4493 4514 4521 4522 4525 4527 4542 4546
4547 4552 4554 4596 4606 4608 4617 4643 4663 4678
4680 4683 4687 4693 4694 4706 4709 4717 4723 4726
4729 4748 4753 4753 4760 4762 4775 4786 4804 4838
4883 4889 4936 4938 4942 4956 4970 4975 4975 4991
5011 5037 5046 5046 5055 5072 5089 5105 5108 5112
5122 5134 5137 5141 5151 5175 5177 5181 5182 5192
5197 5202 5204 5208 5217 5223 5252 5259 5259 5261
5268 5286 5289 5318 5327 5337 5350 5351 5365 5369
5372 5383 5401 5404 5419 5424 5438 5458 5459 5460
5479 5511 5520 5528 5530 5537 5547 5557 5576 5598
5617 5628 5640 5653 5654 5659 5661 5662 5665 5670
5695 5712 5718 5731 5735 5749 5751 5759 5759 5761
5771 5786 5802 5804 5810 5810 5816 5831 5833 5842
5848 5859 5879 5880 5880 5891 5899 5905 5909 5952
5956 5966 5977 5979 5982 6012 6021 6022 6046 6050
6055 6069 6083 6140 6151 6156 6193 6211 6219 6224
6240 6246 6289 6291 6291 6294 6303 6305 6306 6359
6362 6393 6395 6402 6408 6411 6418 6419 6421 6425
6449 6456 6461 6465 6465 6473 6476 6504 6511 6516
6528 6539 6541 6542 6566 6568 6571 6580 6608 6610
6616 6618 6633 6654 6666 6667 6670 6670 6681 6709
6737 6746 6769 6776 6777 6787 6791 6798 6808 6810
6828 6834 6847 6848 6884 6884 6885 6899 6910 6925
6929 6940 6953 6955 6955 6958 6971 6976 6981 6991
7013 7032 7071 7096 7107 7112 7119 7125 7143 7145
7148 7166 7170 7181 7203 7213 7218 7219 7223 7229
7230 7238 7240 7246 7276 7277 7298 7299 7306 7328
7346 7347 7370 7375 7383 7400 7401 7403 7405 7429
7431 7445 7449 7450 7452 7459 7463 7466 7477 7481
7483 7503 7521 7523 7531 7533 7533 7533 7535 7542
7543 7552 7556 7565 7578 7601 7611 7622 7642 7648
7658 7664 7674 7681 7683 7685 7688 7689 7709 7709
7710 7719 7723 7725 7726 7756 7759 7764 7782 7787
7806 7824 7827 7843 7852 7855 7858 7869 7870 7883
7883 7893 7904 7920 7935 7936 7985 8020 8032 8051
8053 8098 8100 8121 8130 8158 8166 8182 8185 8194
8204 8204 8210 8213 8229 8232 8236 8258 8260 8263
8268 8293 8305 8307 8315 8315 8320 8345 8346 8347
8349 8353 8381 8400 8428 8444 8452 8463 8470 8518
8543 8549 8551 8561 8598 8602 8613 8614 8627 8627
8635 8637 8639 8640 8643 8665 8669 8688 8690 8698
8699 8716 8721 8739 8752 8775 8807 8821 8825 8826
8835 8839 8843 8879 8882 8887 8907 8922 8935 8946
8976 9021 9022 9033 9069 9077 9079 9090 9099 9107
9151 9158 9161 9172 9181 9185 9195 9217 9220 9225
9235 9245 9251 9252 9253 9260 9263 9269 9271 9280
9289 9291 9308 9326 9328 9339 9346 9375 9401 9415
9416 9422 9430 9437 9450 9472 9500 9515 9551 9562
9572 9592 9604 9607 9651 9654 9660 9663 9664 9684
9695 9696 9697 9704 9711 9712 9775 9776 9780 9789
9813 9816 9817 9821 9821 9827 9841 9854 9855 9861
9861 9862 9864 9867 9880 9883 9886 9889 9896 9911
9920 9929 9934 9946 9962 9974 9976 9990 9996 9998
